0
-4
-45
-248
-463
3346
8836
13662
18150
22017
25607
28486
30623
32042
32725
32512
31490
29803
27260
24171
20412
16234
11560
6634
1702
-3454
-8533
-13303
-17735
-21884
-25417
-28248
-30520
-31928
-32740
-32432
-31600
-29940
-27567
-24448
-20696
-16534
-11918
-7100
-1672
2932
8139
13031
17457
21590
25099
28129
30337
31896
32705
32588
31715
30107
27689
24680
21040
16918
12324
7398
2431
-2692
-7790
-12621
-17106
-21182
-24853
-27932
-30204
-31787
-32726
-32527
-31798
-30284
-27918
-24982
-21303
-17236
-12685
-7910
-2622
1981
7345
12252
16794
20882
24555
27688
30056
31678
32670
32671
31912
30409
28137
25215
21643
17598
13035
8190
3242
-1916
-6965
-11918
-16442
-20497
-24358
-27396
-29824
-31616
-32673
-32573
-32057
-30492
-28338
-25505
-21990
-17971
-13473
-8702
-3546
1140
6585
11541
16095
20303
24075
27298
29692
31471
32583
32691
32121
30719
28461
25740
22303
18273
13815
8965
4014
-1185
-6183
-11094
-15735
-19916
-23898
-26928
-29524
-31360
-32617
-32616
-32210
-30863
-28764
-25937
-22673
-18637
-14153
-9399
-4411
417
5783
10738
15405
19691
23595
26784
29393
31240
32426
32717
32207
30922
28940
26189
22942
18898
14600
9758
4839
-272
-5406
-10316
-15006
-19283
-23345
-26536
-29238
-31110
-32463
-32611
-32415
-31088
-29118
-26438
-23269
-19160
-14834
-10138
-5228
-68
5024
9952
14626
19046
23113
26292
29056
30986
32276
32724
32293
31237
29302
26682
23517
19573
15252
10553
5641
526
-4633
-9576
-14355
-18782
-22812
-26042
-28820
-30874
-32274
-32290
-32628
-31330
-29481
-26893
-23713
-19809
-15572
-10981
-6040
-591
4151
9197
13865
18444
22464
25836
28656
30768
32091
32732
32361
31401
29661
27150
23981
20085
15899
11303
6383
1399
-3815
-8754
-13600
-18113
-22140
-25567
-28455
-30606
-32077
-32424
-32706
-31515
-29808
-27282
-24283
-20358
-16293
-11775
-6858
-1317
3281
8473
13183
17740
21839
25305
28256
30450
31938
32622
32712
31639
30029
27541
24474
20689
16660
11970
7188
2127
-3000
-7959
-12868
-17371
-21435
-25087
-28015
-30253
-31881
-32398
-32743
-31753
-30061
-27769
-24772
-21016
-16975
-12492
-7605
-2219
2319
7728
12512
17097
21090
24773
27834
30145
31769
32233
32758
31815
30284
27993
24989
21369
17387
12793
8015
2921
-2195
-7238
-12100
-16666
-20821
-24578
-27619
-30043
-31636
-32348
-32746
-31879
-30419
-28178
-25269
-21729
-17602
-13171
-8364
-3221
1402
6898
11718
16309
20443
24294
27404
29820
31556
32233
32738
31981
30549
28453
25568
22095
18051
13488
8761
3688
-1480
-6473
-11374
-16023
-20197
-24008
-27212
-29643
-31447
-32267
-32731
-31983
-30736
-28535
-25812
-22354
-18346
-13849
-9147
-4048
654
6099
10911
15630
19858
23766
26954
29521
31340
32213
32727
32121
30846
28843
26020
22762
18702
14128
9532
4476
-602
-5656
-10671
-15364
-19569
-23540
-26741
-29305
-31264
-32203
-32723
-32134
-30975
-28927
-26298
-22955
-19001
-14632
-9889
-4906
93
5297
10224
14944
19283
23289
26444
29121
31094
32194
32723
32259
31067
29097
26525
23299
19318
14923
10259
5294
230
-4906
-9845
-14682
-18921
-22915
-26272
-28988
-30947
-32123
-32722
-32261
-31240
-29285
-26744
-23420
-19687
-15302
-10642
-5688
-396
4495
9488
14292
18631
22657
26044
28672
30851
32122
32726
32421
31338
29468
27014
23778
19985
15681
11052
6111
1118
-4077
-9092
-13955
-18258
-22317
-25728
-28659
-30685
-32021
-32732
-32355
-31439
-29703
-27187
-23955
-20503
-16010
-11442
-6436
-1034
3635
8655
13556
18004
22051
25459
28344
30588
32018
32721
32531
31578
29822
27449
24256
20555
16400
11838
6924
1889
-3277
-8308
-13151
-17592
-21721
-25237
-28205
-30378
-31897
-32741
-32457
-31673
-29994
-27578
-24553
-21115
-16761
-12171
-7200
-1883
2708
7884
12729
17328
21380
25001
27961
30277
31818
32700
32606
31776
30199
27822
24818
21220
17070
12559
7711
2611
-2482
-7518
-12367
-16909
-21149
-24749
-27745
-30123
-31719
-32720
-32546
-31901
-30326
-28020
-25111
-21611
-17431
-12852
-8057
-2876
1737
7145
11979
16638
20812
24496
27556
29929
31648
32632
32683
31933
30450
28286
25340
21826
17730
13275
8488
3378
-1757
-6764
-11655
-16255
-20577
-24172
-27315
-29832
-31492
-32662
-32591
-32077
-30654
-28500
-25583
-22016
-18115
-13616
-8827
-3778
914
6356
11246
15973
20151
23962
27083
29636
31452
32560
32698
32154
30744
28667
25874
22239
18405
13995
9205
4168
-957
-5963
-10893
-15542
-19915
-23615
-26926
-29439
-31312
-32560
-32608
-32278
-30840
-28814
-26089
-22553
-18772
-14352
-9606
-4628
281
5574
10527
15296
19554
23405
26619
29274
31144
32396
32720
32253
31058
29048
26333
22770
19092
14671
9982
5007
-101
-5184
-10199
-14839
-19227
-23014
-26436
-29066
-31083
-32415
-32579
-32471
-31139
-29208
-26633
-23188
-19417
-15043
-10394
-5392
-169
4785
9779
14580
18904
22728
26222
28894
30934
32218
32725
32361
31232
29379
26764
23418
19825
15393
10771
5801
743
-4334
-9402
-14136
-18579
-22387
-25946
-28644
-30819
-32237
-32383
-32645
-31401
-29524
-27068
-23794
-20121
-15767
-11113
-6182
-775
3944
9002
13813
18225
22167
25704
28535
30635
32065
32734
32423
31468
29717
27264
24107
20475
16138
11504
6588
1600
-3535
-8627
-13383
-17896
-21879
-25434
-28375
-30517
-32044
-32395
-32714
-31592
-29883
-27450
-24359
-20774
-16405
-11848
-6919
-1557
3068
8200
13006
17620
21693
25166
28104
30370
31876
32230
32767
31662
30027
27715
24618
21083
16852
12191
7340
2292
-2768
-7838
-12699
-17231
-21475
-24941
-27939
-30242
-31798
-32373
-32747
-31778
-30263
-27868
-24874
-21328
-17095
-12647
-7700
-2513
2072
7418
12303
16917
21129
24707
27695
30080
31741
32237
32751
31858
30302
28123
25147
21602
17555
12974
8163
3080
-2022
-7067
-11977
-16548
-20944
-24378
-27437
-29897
-31654
-32325
-32741
-31902
-30516
-28313
-25387
-21864
-17803
-13419
-8476
-3466
1177
6647
11547
16212
20543
24111
27261
29734
31492
32235
32734
31983
30654
28470
25722
22153
18172
13745
8907
3864
-1294
-6273
-11184
-15775
-20317
-23770
-26976
-29583
-31400
-32255
-32728
-32069
-30804
-28753
-25871
-22485
-18455
-14132
-9266
-4337
482
5854
10814
15470
19905
23452
26794
29462
31241
32216
32724
32154
30897
28894
26127
22755
18831
14503
9708
4722
-395
-5452
-10410
-15129
-19488
-23209
-26585
-29317
-31111
-32195
-32723
-32182
-31016
-29138
-26405
-23090
-19125
-14878
-10065
-5146
-4
5077
10110
14747
19165
22831
26379
29088
31054
32184
32722
32301
31187
29265
26593
23365
19488
15268
10454
5497
430
-4636
-9638
-14356
-18803
-22809
-26115
-28837
-30943
-32096
-32724
-32278
-31272
-29456
-26844
-23697
-19749
-15546
-10836
-5926
-494
4269
9337
14026
18473
22264
25850
28746
30715
32118
32727
32451
31430
29613
27053
23907
20082
15904
11186
6240
1324
-3825
-8894
-13637
-18120
-22194
-25659
-28428
-30613
-32013
-32734
-32376
-31555
-29731
-27338
-24195
-20375
-16209
-11534
-6688
-1247
3384
8530
13350
17807
21854
25382
28266
30487
31969
32717
32552
31641
29947
27499
24446
20714
16589
11940
7026
2049
-3080
-8166
-12958
-17394
-21562
-25120
-28087
-30361
-31866
-32742
-32481
-31752
-30118
-27763
-24768
-20980
-16893
-12290
-7515
-2132
2459
7742
12632
17120
21242
24830
27878
30214
31773
32691
32621
31821
30215
27972
24903
21312
17256
12657
7787
2842
-2314
-7371
-12277
-16801
-20840
-24594
-27675
-30034
-31657
-32714
-32566
-31914
-30416
-28151
-25225
-21617
-17604
-13062
-8331
-3100
1527
6945
11881
16431
20552
24303
27488
29875
31578
32616
32691
32017
30591
28293
25509
21977
17931
13416
8602
3625
-1576
-6575
-11527
-16097
-20170
-24132
-27141
-29683
-31470
-32649
-32608
-32123
-30644
-28576
-25721
-22338
-18306
-13811
-9071
-3984
789
6186
11139
15754
20002
23818
27088
29573
31349
32538
32706
32165
30808
28693
25914
22639
18563
14208
9379
4437
-733
-5788
-10650
-15400
-19623
-23626
-26745
-29348
-31237
-32525
-32626
-32324
-30964
-28955
-26191
-22954
-18895
-14509
-9757
-4821
158
5379
10344
15041
19353
23339
26513
29231
31178
32350
32721
32267
31065
29139
26461
23215
19215
14933
10132
5265
120
-5027
-9947
-14661
-19036
-23103
-26304
-29034
-30951
-32351
-32540
-32556
-31178
-29310
-26676
-23496
-19472
-15183
-10584
-5633
-305
4601
9561
14223
18745
22784
26051
28879
30879
32193
32727
32341
31320
29460
26907
23743
19804
15580
10941
6010
967
-4223
-9159
-14012
-18434
-22488
-25790
-28629
-30742
-32194
-32396
-32687
-31396
-29625
-27101
-24039
-20045
-15914
-11386
-6452
-949
3711
8832
13541
18085
22137
25568
28464
30639
32007
32737
32437
31560
29799
27368
24230
20409
16242
11636
6754
1767
-3433
-8325
-13236
-17767
-21770
-25310
-28252
-30479
-31940
-32412
-32738
-31622
-29941
-27489
-24511
-20681
-16640
-12141
-7229
-1754
2809
8103
12857
17420
21427
25038
28019
30336
31830
32223
32764
31695
30160
27770
24721
21054
17064
12426
7584
2519
-2587
-7615
-12491
-17025
-21108
-24834
-27805
-30115
-31778
-32351
-32747
-31837
-30215
-27990
-25009
-21386
-17267
-12828
-7987
-2752
1850
7339
12105
16736
20756
24523
27617
29981
31629
32241
32747
31870
30470
28195
25322
21721
17672
13166
8393
3312
-1834
-6855
-11718
-16368
-20505
-24359
-27427
-29882
-31539
-32310
-32738
-31974
-30548
-28369
-25533
-22080
-17950
-13508
-8734
-3609
1020
6501
11322
15971
20140
24035
27184
29686
31456
32230
32730
32016
30708
28641
25790
22430
18385
13818
9129
4097
-1055
-6024
-11033
-15713
-19863
-23797
-27020
-29444
-31334
-32242
-32725
-32088
-30863
-28718
-26054
-22744
-18660
-14253
-9512
-4507
344
5698
10586
15293
19580
23565
26723
29330
31212
32220
32723
32211
30981
28966
26250
23060
18988
14509
9873
4890
-176
-5284
-10256
-15015
-19272
-23231
-26514
-29158
-31103
-32184
-32721
-32200
-31128
-29127
-26523
-23192
-19332
-14993
-10264
-5294
-138
4901
9830
14647
18957
22954
26238
28858
30986
32186
32724
32323
31223
29286
26811
23502
19633
15331
10651
5703
658
-4486
-9476
-14323
-18578
-22593
-26024
-28833
-30818
-32040
-32726
-32298
-31327
-29541
-26961
-23673
-20092
-15641
-11067
-6082
-713
4076
9047
13923
18326
22367
25783
28611
30697
32047
32726
32481
31479
29691
27237
23995
20244
16042
11455
6519
1535
-3656
-8705
-13573
-17934
-22021
-25486
-28458
-30504
-31968
-32738
-32407
-31531
-29859
-27354
-24279
-20824
-16408
-11810
-6833
-1422
3191
8260
13135
17670
21716
25227
28167
30419
31938
32712
32570
31661
30003
27682
24546
20877
16723
12206
7322
2239
-2890
-7917
-12754
-17265
-21402
-25011
-27935
-30282
-31838
-32729
-32503
-31776
-30145
-27793
-24833
-21377
-17100
-12522
-7612
-2375
2209
7518
12349
16988
21078
24757
27752
30130
31696
32682
32636
31897
30280
28067
25083
21559
17388
12929
8088
3003
-2103
-7131
-11989
-16542
-20854
-24453
-27521
-30007
-31610
-32707
-32552
-31978
-30495
-28261
-25362
-21843
-17729
-13227
-8448
-3349
1293
6756
11646
16305
20481
24230
27308
29750
31517
32600
32682
32062
30603
28499
25644
21989
18098
13656
8854
3740
-1381
-6397
-11259
-15903
-20254
-23923
-27090
-29643
-31421
-32636
-32599
-32193
-30747
-28691
-25826
-22270
-18453
-13990
-9216
-4220
561
5946
10904
15628
19850
23696
26844
29457
31306
32456
32712
32201
30872
28876
26110
22495
18739
14313
9597
4584
-516
-5561
-10559
-15184
-19545
-23306
-26681
-29264
-31192
-32496
-32618
-32362
-30992
-28966
-26358
-22887
-19099
-14706
-9994
-5022
51
5170
10163
14960
19186
23111
26416
29095
31060
32324
32721
32302
31180
29182
26549
23078
19448
15037
10400
5404
306
-4750
-9828
-14505
-18900
-22722
-26205
-28881
-30942
-32327
-32192
-32613
-31245
-29394
-26851
-23496
-19756
-15372
-10761
-5789
-443
4396
9393
14220
18565
22438
25955
28716
30764
32169
32728
32363
31401
29569
27035
23744
20186
15792
11136
6196
1240
-3920
-9018
-13741
-18261
-22121
-25679
-28535
-30638
-32130
-32410
-32696
-31491
-29694
-27293
-24075
-20449
-16075
-11476
-6570
-1137
3512
8604
13414
17958
21906
25409
28319
30519
31937
32737
32494
31565
29886
27542
24357
20772
16506
11833
6984
1928
-3158
-8235
-13019
-17557
-21718
-25194
-28158
-30427
-31909
-32383
-32742
-31663
-30085
-27661
-24664
-21035
-16776
-12223
-7309
-2021
2576
7841
12659
17273
21430
24881
27932
30223
31756
32229
32762
31792
30167
27907
24894
21370
17198
12596
7740
2678
-2380
-7450
-12343
-16897
-21221
-24665
-27655
-30111
-31704
-32366
-32749
-31863
-30369
-28110
-25155
-21581
-17426
-13036
-8079
-3002
1597
7031
11935
16562
20839
24401
27487
29949
31598
32244
32743
31888
30514
28275
25482
21852
17892
13342
8532
3473
-1678
-6672
-11579
-16151
-20634
-24096
-27208
-29743
-31515
-32293
-32733
-31994
-30656
-28521
-25634
-22203
-18131
-13786
-8892
-3897
819
6257
11181
15865
20252
23769
26999
29582
31377
32232
32728
32099
30805
28659
25918
22422
18538
14097
9305
4280
-840
-5861
-10803
-15473
-19918
-23455
-26819
-29462
-31235
-32235
-32724
-32120
-30887
-28973
-26116
-22764
-18764
-14508
-9674
-4741
220
5471
10447
15114
19526
23132
26591
29258
31196
32190
32722
32232
31064
29072
26356
23050
19169
14853
10087
5119
15
-5051
-10018
-14764
-19149
-23003
-26381
-29034
-31061
-32135
-32722
-32223
-31157
-29277
-26628
-23357
-19458
-15189
-10455
-5538
-229
4699
9722
14381
18812
22513
26139
28921
30920
32126
32726
32346
31291
29437
26823
23637
19785
15595
10819
5885
876
-4227
-9260
-13983
-18502
-22509
-25895
-28616
-30794
-32053
-32728
-32332
-31389
-29532
-27124
-23935
-20049
-15848
-11200
-6313
-882
3817
8943
13676
18151
22017
25607
28486
30623
32042
32725
32512
31490
29803
27260
24171
20412
16234
11560
6634
1702
-3454
-8533
-13303
-17735
-21884
-25417
-28248
-30520
-31928
-32740
-32432
-31600
-29940
-27567
-24448
-20696
-16534
-11918
-7100
-1672
2932
8139
13031
17457
21590
25099
28129
30337
31896
32705
32588
31715
30107
27689
24680
21040
16918
12324
7398
2431
-2692
-7790
-12621
-17106
-21182
-24853
-27932
-30204
-31787
-32726
-32527
-31798
-30284
-27918
-24982
-21303
-17236
-12685
-7910
-2622
1981
7345
12252
16794
20882
24555
27688
30056
31678
32670
32671
31912
30409
28137
25215
21643
17598
13035
8190
3242
-1916
-6965
-11918
-16442
-20497
-24358
-27396
-29824
-31616
-32673
-32573
-32057
-30492
-28338
-25505
-21990
-17971
-13473
-8702
-3546
1140
6585
11541
16095
20303
24075
27298
29692
31471
32583
32691
32121
30719
28461
25740
22303
18273
13815
8965
4014
-1185
-6183
-11094
-15735
-19916
-23898
-26928
-29524
-31360
-32617
-32616
-32210
-30863
-28764
-25937
-22673
-18637
-14153
-9399
-4411
417
5783
10738
15405
19691
23595
26784
29393
31240
32426
32717
32207
30922
28940
26189
22942
18898
14600
9758
4839
-272
-5406
-10316
-15006
-19283
-23345
-26536
-29238
-31110
-32463
-32611
-32415
-31088
-29118
-26438
-23269
-19160
-14834
-10138
-5228
-68
5024
9952
14626
19046
23113
26292
29056
30986
32276
32724
32293
31237
29302
26682
23517
19573
15252
10553
5641
526
-4633
-9576
-14355
-18782
-22812
-26042
-28820
-30874
-32274
-32290
-32628
-31330
-29481
-26893
-23713
-19809
-15572
-10981
-6040
-591
4151
9197
13865
18444
22464
25836
28656
30768
32091
32732
32361
31401
29661
27150
23981
20085
15899
11303
6383
1399
-3815
-8754
-13600
-18113
-22140
-25567
-28455
-30606
-32077
-32424
-32706
-31515
-29808
-27282
-24283
-20358
-16293
-11775
-6858
-1317
3281
8473
13183
17740
21839
25305
28256
30450
31938
32622
32712
31639
30029
27541
24474
20689
16660
11970
7188
2127
-3000
-7959
-12868
-17371
-21435
-25087
-28015
-30253
-31881
-32398
-32743
-31753
-30061
-27769
-24772
-21016
-16975
-12492
-7605
-2219
2319
7728
12512
17097
21090
24773
27834
30145
31769
32233
32758
31815
30284
27993
24989
21369
17387
12793
8015
2921
-2195
-7238
-12100
-16666
-20821
-24578
-27619
-30043
-31636
-32348
-32746
-31879
-30419
-28178
-25269
-21729
-17602
-13171
-8364
-3221
1402
6898
11718
16309
20443
24294
27404
29820
31556
32233
32738
31981
30549
28453
25568
22095
18051
13488
8761
3688
-1480
-6473
-11374
-16023
-20197
-24008
-27212
-29643
-31447
-32267
-32731
-31983
-30736
-28535
-25812
-22354
-18346
-13849
-9147
-4048
654
6099
10911
15630
19858
23766
26954
29521
31340
32213
32727
32121
30846
28843
26020
22762
18702
14128
9532
4476
-602
-5656
-10671
-15364
-19569
-23540
-26741
-29305
-31264
-32203
-32723
-32134
-30975
-28927
-26298
-22955
-19001
-14632
-9889
-4906
93
5297
10224
14944
19283
23289
26444
29121
31094
32194
32723
32259
31067
29097
26525
23299
19318
14923
10259
5294
230
-4906
-9845
-14682
-18921
-22915
-26272
-28988
-30947
-32123
-32722
-32261
-31240
-29285
-26744
-23420
-19687
-15302
-10642
-5688
-396
4495
9488
14292
18631
22657
26044
28672
30851
32122
32726
32421
31338
29468
27014
23778
19985
15681
11052
6111
1118
-4077
-9092
-13955
-18258
-22317
-25728
-28659
-30685
-32021
-32732
-32355
-31439
-29703
-27187
-23955
-20503
-16010
-11442
-6436
-1034
3635
8655
13556
18004
22051
25459
28344
30588
32018
32721
32531
31578
29822
27449
24256
20555
16400
11838
6924
1889
-3277
-8308
-13151
-17592
-21721
-25237
-28205
-30378
-31897
-32741
-32457
-31673
-29994
-27578
-24553
-21115
-16761
-12171
-7200
-1883
2708
7884
12729
17328
21380
25001
27961
30277
31818
32700
32606
31776
30199
27822
24818
21220
17070
12559
7711
2611
-2482
-7518
-12367
-16909
-21149
-24749
-27745
-30123
-31719
-32720
-32546
-31901
-30326
-28020
-25111
-21611
-17431
-12852
-8057
-2876
1737
7145
11979
16638
20812
24496
27556
29929
31648
32632
32683
31933
30450
28286
25340
21826
17730
13275
8488
3378
-1757
-6764
-11655
-16255
-20577
-24172
-27315
-29832
-31492
-32662
-32591
-32077
-30654
-28500
-25583
-22016
-18115
-13616
-8827
-3778
914
6356
11246
15973
20151
23962
27083
29636
31452
32560
32698
32154
30744
28667
25874
22239
18405
13995
9205
4168
-957
-5963
-10893
-15542
-19915
-23615
-26926
-29439
-31312
-32560
-32608
-32278
-30840
-28814
-26089
-22553
-18772
-14352
-9606
-4628
281
5574
10527
15296
19554
23405
26619
29274
31144
32396
32720
32253
31058
29048
26333
22770
19092
14671
9982
5007
-101
-5184
-10199
-14839
-19227
-23014
-26436
-29066
-31083
-32415
-32579
-32471
-31139
-29208
-26633
-23188
-19417
-15043
-10394
-5392
-169
4785
9779
14580
18904
22728
26222
28894
30934
32218
32725
32361
31232
29379
26764
23418
19825
15393
10771
5801
743
-4334
-9402
-14136
-18579
-22387
-25946
-28644
-30819
-32237
-32383
-32645
-31401
-29524
-27068
-23794
-20121
-15767
-11113
-6182
-775
3944
9002
13813
18225
22167
25704
28535
30635
32065
32734
32423
31468
29717
27264
24107
20475
16138
11504
6588
1600
-3535
-8627
-13383
-17896
-21879
-25434
-28375
-30517
-32044
-32395
-32714
-31592
-29883
-27450
-24359
-20774
-16405
-11848
-6919
-1557
3068
8200
13006
17620
21693
25166
28104
30370
31876
32230
32767
31662
30027
27715
24618
21083
16852
12191
7340
2292
-2768
-7838
-12699
-17231
-21475
-24941
-27939
-30242
-31798
-32373
-32747
-31778
-30263
-27868
-24874
-21328
-17095
-12647
-7700
-2513
2072
7418
12303
16917
21129
24707
27695
30080
31741
32237
32751
31858
30302
28123
25147
21602
17555
12974
8163
3080
-2022
-7067
-11977
-16548
-20944
-24378
-27437
-29897
-31654
-32325
-32741
-31902
-30516
-28313
-25387
-21864
-17803
-13419
-8476
-3466
1177
6647
11547
16212
20543
24111
27261
29734
31492
32235
32734
31983
30654
28470
25722
22153
18172
13745
8907
3864
-1294
-6273
-11184
-15775
-20317
-23770
-26976
-29583
-31400
-32255
-32728
-32069
-30804
-28753
-25871
-22485
-18455
-14132
-9266
-4337
482
5854
10814
15470
19905
23452
26794
29462
31241
32216
32724
32154
30897
28894
26127
22755
18831
14503
9708
4722
-395
-5452
-10410
-15129
-19488
-23209
-26585
-29317
-31111
-32195
-32723
-32182
-31016
-29138
-26405
-23090
-19125
-14878
-10065
-5146
-4
5077
10110
14747
19165
22831
26379
29088
31054
32184
32722
32301
31187
29265
26593
23365
19488
15268
10454
5497
430
-4636
-9638
-14356
-18803
-22809
-26115
-28837
-30943
-32096
-32724
-32278
-31272
-29456
-26844
-23697
-19749
-15546
-10836
-5926
-494
4269
9337
14026
18473
22264
25850
28746
30715
32118
32727
32451
31430
29613
27053
23907
20082
15904
11186
6240
1324
-3825
-8894
-13637
-18120
-22194
-25659
-28428
-30613
-32013
-32734
-32376
-31555
-29731
-27338
-24195
-20375
-16209
-11534
-6688
-1247
3384
8530
13350
17807
21854
25382
28266
30487
31969
32717
32552
31641
29947
27499
24446
20714
16589
11940
7026
2049
-3080
-8166
-12958
-17394
-21562
-25120
-28087
-30361
-31866
-32742
-32481
-31752
-30118
-27763
-24768
-20980
-16893
-12290
-7515
-2132
2459
7742
12632
17120
21242
24830
27878
30214
31773
32691
32621
31821
30215
27972
24903
21312
17256
12657
7787
2842
-2314
-7371
-12277
-16801
-20840
-24594
-27675
-30034
-31657
-32714
-32566
-31914
-30416
-28151
-25225
-21617
-17604
-13062
-8331
-3100
1527
6945
11881
16431
20552
24303
27488
29875
31578
32616
32691
32017
30591
28293
25509
21977
17931
13416
8602
3625
-1576
-6575
-11527
-16097
-20170
-24132
-27141
-29683
-31470
-32649
-32608
-32123
-30644
-28576
-25721
-22338
-18306
-13811
-9071
-3984
789
6186
11139
15754
20002
23818
27088
29573
31349
32538
32706
32165
30808
28693
25914
22639
18563
14208
9379
4437
-733
-5788
-10650
-15400
-19623
-23626
-26745
-29348
-31237
-32525
-32626
-32324
-30964
-28955
-26191
-22954
-18895
-14509
-9757
-4821
158
5379
10344
15041
19353
23339
26513
29231
31178
32350
32721
32267
31065
29139
26461
23215
19215
14933
10132
5265
120
-5027
-9947
-14661
-19036
-23103
-26304
-29034
-30951
-32351
-32540
-32556
-31178
-29310
-26676
-23496
-19472
-15183
-10584
-5633
-305
4601
9561
14223
18745
22784
26051
28879
30879
32193
32727
32341
31320
29460
26907
23743
19804
15580
10941
6010
967
-4223
-9159
-14012
-18434
-22488
-25790
-28629
-30742
-32194
-32396
-32687
-31396
-29625
-27101
-24039
-20045
-15914
-11386
-6452
-949
3711
8832
13541
18085
22137
25568
28464
30639
32007
32737
32437
31560
29799
27368
24230
20409
16242
11636
6754
1767
-3433
-8325
-13236
-17767
-21770
-25310
-28252
-30479
-31940
-32412
-32738
-31622
-29941
-27489
-24511
-20681
-16640
-12141
-7229
-1754
2809
8103
12857
17420
21427
25038
28019
30336
31830
32223
32764
31695
30160
27770
24721
21054
17064
12426
7584
2519
-2587
-7615
-12491
-17025
-21108
-24834
-27805
-30115
-31778
-32351
-32747
-31837
-30215
-27990
-25009
-21386
-17267
-12828
-7987
-2752
1850
7339
12105
16736
20756
24523
27617
29981
31629
32241
32747
31870
30470
28195
25322
21721
17672
13166
8393
3312
-1834
-6855
-11718
-16368
-20505
-24359
-27427
-29882
-31539
-32310
-32738
-31974
-30548
-28369
-25533
-22080
-17950
-13508
-8734
-3609
1020
6501
11322
15971
20140
24035
27184
29686
31456
32230
32730
32016
30708
28641
25790
22430
18385
13818
9129
4097
-1055
-6024
-11033
-15713
-19863
-23797
-27020
-29444
-31334
-32242
-32725
-32088
-30863
-28718
-26054
-22744
-18660
-14253
-9512
-4507
344
5698
10586
15293
19580
23565
26723
29330
31212
32220
32723
32211
30981
28966
26250
23060
18988
14509
9873
4890
-176
-5284
-10256
-15015
-19272
-23231
-26514
-29158
-31103
-32184
-32721
-32200
-31128
-29127
-26523
-23192
-19332
-14993
-10264
-5294
-138
4901
9830
14647
18957
22954
26238
28858
30986
32186
32724
32323
31223
29286
26811
23502
19633
15331
10651
5703
658
-4486
-9476
-14323
-18578
-22593
-26024
-28833
-30818
-32040
-32726
-32298
-31327
-29541
-26961
-23673
-20092
-15641
-11067
-6082
-713
4076
9047
13923
18326
22367
25783
28611
30697
32047
32726
32481
31479
29691
27237
23995
20244
16042
11455
6519
1535
-3656
-8705
-13573
-17934
-22021
-25486
-28458
-30504
-31968
-32738
-32407
-31531
-29859
-27354
-24279
-20824
-16408
-11810
-6833
-1422
3191
8260
13135
17670
21716
25227
28167
30419
31938
32712
32570
31661
30003
27682
24546
20877
16723
12206
7322
2239
-2890
-7917
-12754
-17265
-21402
-25011
-27935
-30282
-31838
-32729
-32503
-31776
-30145
-27793
-24833
-21377
-17100
-12522
-7612
-2375
2209
7518
12349
16988
21078
24757
27752
30130
31696
32682
32636
31897
30280
28067
25083
21559
17388
12929
8088
3003
-2103
-7131
-11989
-16542
-20854
-24453
-27521
-30007
-31610
-32707
-32552
-31978
-30495
-28261
-25362
-21843
-17729
-13227
-8448
-3349
1293
6756
11646
16305
20481
24230
27308
29750
31517
32600
32682
32062
30603
28499
25644
21989
18098
13656
8854
3740
-1381
-6397
-11259
-15903
-20254
-23923
-27090
-29643
-31421
-32636
-32599
-32193
-30747
-28691
-25826
-22270
-18453
-13990
-9216
-4220
561
5946
10904
15628
19850
23696
26844
29457
31306
32456
32712
32201
30872
28876
26110
22495
18739
14313
9597
4584
-516
-5561
-10559
-15184
-19545
-23306
-26681
-29264
-31192
-32496
-32618
-32362
-30992
-28966
-26358
-22887
-19099
-14706
-9994
-5022
51
5170
10163
14960
19186
23111
26416
29095
31060
32324
32721
32302
31180
29182
26549
23078
19448
15037
10400
5404
306
-4750
-9828
-14505
-18900
-22722
-26205
-28881
-30942
-32327
-32192
-32613
-31245
-29394
-26851
-23496
-19756
-15372
-10761
-5789
-443
4396
9393
14220
18565
22438
25955
28716
30764
32169
32728
32363
31401
29569
27035
23744
20186
15792
11136
6196
1240
-3920
-9018
-13741
-18261
-22121
-25679
-28535
-30638
-32130
-32410
-32696
-31491
-29694
-27293
-24075
-20449
-16075
-11476
-6570
-1137
3512
8604
13414
17958
21906
25409
28319
30519
31937
32737
32494
31565
29886
27542
24357
20772
16506
11833
6984
1928
-3158
-8235
-13019
-17557
-21718
-25194
-28158
-30427
-31909
-32383
-32742
-31663
-30085
-27661
-24664
-21035
-16776
-12223
-7309
-2021
2576
7841
12659
17273
21430
24881
27932
30223
31756
32229
32762
31792
30167
27907
24894
21370
17198
12596
7740
2678
-2380
-7450
-12343
-16897
-21221
-24665
-27655
-30111
-31704
-32366
-32749
-31863
-30369
-28110
-25155
-21581
-17426
-13036
-8079
-3002
1597
7031
11935
16562
20839
24401
27487
29949
31598
32244
32743
31888
30514
28275
25482
21852
17892
13342
8532
3473
-1678
-6672
-11579
-16151
-20634
-24096
-27208
-29743
-31515
-32293
-32733
-31994
-30656
-28521
-25634
-22203
-18131
-13786
-8892
-3897
819
6257
11181
15865
20252
23769
26999
29582
31377
32232
32728
32099
30805
28659
25918
22422
18538
14097
9305
4280
-840
-5861
-10803
-15473
-19918
-23455
-26819
-29462
-31235
-32235
-32724
-32120
-30887
-28973
-26116
-22764
-18764
-14508
-9674
-4741
220
5471
10447
15114
19526
23132
26591
29258
31196
32190
32722
32232
31064
29072
26356
23050
19169
14853
10087
5119
15
-5051
-10018
-14764
-19149
-23003
-26381
-29034
-31061
-32135
-32722
-32223
-31157
-29277
-26628
-23357
-19458
-15189
-10455
-5538
-229
4699
9722
14381
18812
22513
26139
28921
30920
32126
32726
32346
31291
29437
26823
23637
19785
15595
10819
5885
876
-4227
-9260
-13983
-18502
-22509
-25895
-28616
-30794
-32053
-32728
-32332
-31389
-29532
-27124
-23935
-20049
-15848
-11200
-6313
-838
3818
8944
13676
18151
22017
25607
28486
30623
32042
32725
32512
31490
29803
27260
24171
20412
16234
11560
6634
1702
-3454
-8533
-13303
-17735
-21884
-25417
-28248
-30520
-31928
-32740
-32432
-31600
-29940
-27567
-24448
-20696
-16534
-11918
-7100
-1672
2932
8139
13031
17457
21590
25099
28129
30337
31896
32705
32588
31715
30107
27689
24680
21040
16918
12324
7398
